003020600900305001001806400008102900700000008006708200002609500800203009005010300
003007490000100070000900081206300000000040900041008000058000607000080500102000000
060030072200000060000040080000002400300001007000005600090078010006500200001000000
000034020051800409006000000040008003800000050000940000070003000000000160508000030
500000030087600000000000190000570009070001006000000050003700500000248000008006001
010000020000090401000030500050087106070400300000000004098174000260009000100000000
000210090000070005750680400600000004300000010008000007509860000036040000800050100
063000000000605000000901400600000007000008096270004100300400050501000000008200010
006800340000000900903007002040000870000380000800009200060000000500200010007036005
000100040900000506000020800308700000002000030005000000180007005000003204003050910
940000003070800006000000000002090050600000304400000000000120000300900627008306001
800070610000000074000401008090524000200008100604000080789003200300000000006050000
105000000074000000090200150000000005000384000307000600002600508048090302700008000
000000010450000807000060009004006000030921000026700000092800005800079040000000600
052000000000060010300048700023050001000007004400329000090010003200900000008034005
000000004010009000300047082108000620900000007640500000000000200000038090805001000
000200700007004650300507000040005160010300000085000000800020400009000006070006500
000000300004030900000900800020300000006005007095060010009080000050000000108007026
000900000003000200052700009000200100000030008000195030000070302010540000605000070
000010900005482100020000000010008730070009206000000000102040005040090000000603009
000305000100000072340700000007000100000900000800026000019060400000003006006000800
040003051601000020850007000100400000076000003000000000000608104408030007000050600
009006004000200008300450000410092060000600009030008500203000090000000000590000730
000000090901040600000000304200003000000000050017098260080627000006480001000010000
061040000000800000000061000635008900040300600000007002007080090000700210058000030
003009070600040000007000050000300002000000640800002009002856003000010000008003090
500400000000006970080010000708209403046000000000000010021000000000000090903084050
080609400700010000000005008009007600002030000300500080006301000050200006000000004
004600000000080501006007920000000050649030700730009080800000000570000000000006008
723010000500032000000080000006000004010000823000200050600000005004008900030090006
000600100090025000500070000401508370000000000003000840370400006000050008200800700
000040908089000050500000031200000005000685203600004090000050000800107000010490070
000000000009107530008009006060800710050001000900030082000003001007000020006025900
004800500500140600000009001000256900000001080302900000000000010487003000600000000
308000005002001007000600000000409201010800000029500480000900300740005002001000000
039700000600000301020090060060000040400000512000080009702000050000100026000500700
006000010030000060900005030602350000040000006000082000027003004000000085009008003
900000020001650300006402000004005000000090800600000210103700000029000060000030080
000306510058000009060001020000503000240900800500020001000400200700000000002000005
700600040059100060200000900085000003000001400007500000010908600600000890040000100
018047005003000000007005109300800051905001060000009000070000204200000007000000090
094000020000000000006000178900007500010200000000080400000036000043000001082900740
030000000000200100609000004000000920004590001008702000082000400900087000001006509
000068090060509000000000000005006400000040000400905107009621040006000050000400803
000000000070040000006075900040009056060002030030007800000000001002013500000050483
004900203000060500006000000000038009000006800047200000000040020100000308030081000
432100050900060000016000302000005000070040085050000600108000030000800740000003000
700000040000390000400020018200000030300800400010000082000500000060010000005406070
500000000000850100208700490030020000004903800001007300003009001000006000000200004
006012000040000030290070008000060000900000005000504020820150600001086300000000000
000400103002030600600017208090000800000800306070000005340090000001000000900006700
009600200080027040007000100865300020000000007900000600000400708250000300008090000
800000005509041800600005700000003050003000406000090000010002390080000040000500007
802005100000000002500600080000970000087000054000001070600108005000300410000040060
009000005003000180000005060000080000090200076000000830060007300400809000950003017
010080000046300580000500060050000400800030000020900000100000630005079200080040950
000400005003005090100600002010060000009080010008500040070000050020300009094007080
002000005050061700008500060420700900010000804030050000000004002000000301070000006
008000000200835000000001060590000000043000980002000003360204000000019400400600007
000700004600180000008000600009000000027030008000008401360000100090260050080000070
008630090000080000040000070000500002600002010000090580300007000186200005007000600
187090000500180000000040000000360507450000100000009200004600003010002000020000004
000010003200000000563000000007081000000250000004300200000072560400000900000500704
700001005050000008006800000000709001000000300003004580000060207602000000000005400
003500000000972100000160080040000068090080300000405000074000200801000007002000041
002301070030004016100000000095003600000000900000000050900820001201050000040000065
048907000000000000600408000100006250004700001030000006000004100001300700705010000
000600200120030000570004018400000500009000070030000000000000802057020006080001007
600030020090600048000005000040029030800003060000006009054000000000200073003000095
010000034007000000080025000000007000000030050390080000021800005000600002076340100
003506000000090004400000500000000080500104320060003000070300800090000100200900000
000800000420600300708000064000280071510000600000006000030000910070002050090430000
900200000005000800043956000030000000000007050000400310060709034170000200000002600
005090100004000009600003050000001700000740060000032400530006000010000023800079000
000500012700008000030070000073000160004001090000000300040065000960000040025090030
009080520080006000000700608036902800810000400400000000070008009000000300201050000
700000100304100080000020076065040000000602000000038009010000024000580000000006090
010900000270008005000003090500060080008007006700000300000400002006020740100006008
000001809000049620000000500000080000061970000200150000608703001720000000103000056
000000200039004800080006197001700002003840000040000000000000081000290000760050000
000001007300009200000562000010000030600007040980000020030900018000005000700006009
300020009000300400058000000400700005000406100503090080000004007005003000010000092
009100005300000180020060000000004700000980530090000002000005800001090000074000020
194002000020045090000000800037600000060000070000009100000001000200000700000524003
020400000108920000064008000600040500007001004000000370000003015059000060006009030
300000001000000746000002009000000050050019000710038400003100060020400000000050070
000102080040000009009500060008070090001000405000040000020650000060007850900000003
005603890008100700400000001103000000040008000090000120201000000000000607607500080
000000001300051002002800907009060000047000000010009008670000509008010000000000040
080000050000600708090028040004500870003000010058062300065041000209000000000000000
009000002000000080700000600075060003001004009092501000004200000030056090000070048
000008002009020700027006034000003600004000000090100050012400000506000003030091000
000048003000000840000120000070000000010086295000050030000010402092000060065000000
002050700090400020400003000700000009050601004100004070046800000001700000008200010
700460000400905010050000030000020080000780240000000007060500300900100070500000108
004069000010002000609030420000000001000090000107380009860700000500004600900000705
050000001000008620700000040516002030020000090000040005000064009160300004000007000
006400309000003450000700080010000000500031020000907000060010070080000030042008000
307000900000001000040200700400005302000030010010900647001060200089142000000000000
500380160700600000300009000000000300040000608805000721008060000120000000060020807
003100205700030000009000000008027060600300010000900050380000094001000000005410007
527000000000046080600200000000000000060000048050004906070360002309002000000010007
000004000000080000075901000230700509001000000900000608100540000000000026000098005
000900300005084009009020006004000003200050000000200008100000060090103000052079000
600800040000007080000000531090005000050080023003020800910540007000070000204900000
000803250000047800200000009000008600070004000460010000605700900000000520000030018
005002040000000900200010030000000402001800350704900000406083100000000000000740280
000003007081000006006090020700000050000034000000050012000200708500001000000470000
002003600700005000050040100100000003000409560360007200010000400003020000940000005
000280003209000070048000600050070000003001000000032000005003020007000348100400009
000182009005000000021900080000000030008001500050020076000700000000064002003009010
000002170000030008750000000000040027800000004360000900080570200010800500000200009
009000003050207000016090005000500000030609810000080000360020900800000300092040000
000000870008590020500000000000000000000020040700340081265800300001006500300000000
300004070054007000090300008003800060016000000000009500100670090800000030700950000
501000000064000200000000485000100020008040070010960000030702500000008000950000000
070009004000000600900000810730008000040150002090000000000002060007560100004700003
010007004370500080500600200004001002000000000000008049000305000080700600002000500
137904008000000000008003000201300004004060000800000910000040500302007040409200070
010004060800600090000080000700000000008700002600129003104090050300000000006350007
070030000500020806000508000000800042002000003000410500010000039000340000090000067
000602001830000009207000080000700000093020800004006507000978600000000000560004000
001060800000800730008409520610002050000050000003086900002000010090600000000704090
000090300800000100050806000000400870710008000280760400000052041000600000001040090
040700000000030007700000010200009040804000000000010700002060085400008390009021000
007035008940000000000800000019700064000004000056000080000100900002000001084007500
000020000900500100006008030504200000000006043600000908090702000000040050001009080
000450090089070000070000106002180000108000600000004000000300002900000004004802005
070000200080000004001500000003100709000025000800700002309000080050230007000040000
000000348010000020004000000000920007700043000090005601006809010900600800000200070
000800040200041050000050007984000030007000400060100000000030700012700080090002000
080004000000950800506000003000700000100080764003090000040801970600000030007000000
000004080040018000009000307080005602300080000060200008000000026600930000007000500
060009050000600100500740300300000604008000000000100295002000000130006002009800003
300004500000000000014700000002008006000960005005001009400030000501080600000640807
107092000005100200000000005006080010010000300002000007704000000300010000080300600
504000300600003780030100602000005007060270000040000000000027000900000000002089016
001200005078030090030049000005000000600080750000002300000050100700000080029000004
090308000800001006300005800007000004053000790000000000000100030008600507010200000
500000400039001000400000000020005090014030600090607800000002306080003009000060010
000070130006000009400081020000000052608000000097204000100002790002000400000048000
009017040000500800000000090010803002200000060000000005900300000008706400100009006
004010500070050304000300080750000000001080426000003800027000000500000030400205100
706020090000830200300000700000540007120060040008000003060000000005000800040100000
040000027000086000060020900300074000000052096012600000508000070020000000400000801
300060200000509007040800010003000100090043005580100000760085000000000020000906000
008000070034000000000006038000300047000004802900000001090100000700000450000725000
000000253000405007000031008700000006090000040200040000320080600046950070000000080
720000650040000000000904100092050080000000000056800000008005071000070020900300000
050001070130000004046005080410050000300020000002003060000109000000000600501240007
004000082009003600570000100097000500000902000060000030400800900000040200002030006
000020000050100043003000000560000400000074100090205000000000017800300000905080302
020000007400100080006002000600204500700000200030080010000800001000079000900040803
000090000736000050000060008490080637060002000380000045000050300000106000000700080
003100700800403500001000900074020000300000080000049000000060070019000200600070349
050002006000701090000050000300007000000000010009800675700923060002070000004000003
820001000300005702050000040040200000700000310008104000906000407000000200000803000
401005000000000800080000300800721000700030000000080250015007900940000620000004000
004021000000080040800070091102003000000000070309000100000706009040000510000010204
008906000900000700100430500000000000000005420780100030806000100000710640000300009
000025000006003000100700605040000009900000030080302007000240900008000000750000004
000000000030080020210060008020400000607005009000090002840009000900000300360820500
050010800026000500000200090047906280002001070000400300070000000803000004060032000
000000609010000080900065020100780900000003000087040000070000051020307000001200470
601000370005000406204000090900000000030090000000810029000045000700020003000170040
008000004500090200000420070680000005100002800000000310003005001046000000050030900
060075001003940000000100000500000080034000605012006400001000020050430890000080000
008001007000830001007000400000000000704105000605409000000070598080000300009000004
000000600940080005050040003020070000080005200000009000004006000038400700506000009
000100000070000009900060400710030000300095008080000030060004300000200010240000670
000020000000400300008000094600080000087005069000000005004009070072301050300000012
800000000300245000700001200080000012010003040006700083070000005200004000005000006
730008000006900800000000207042007900007060002001050000000002009060530000000000604
000005001008076000000000800800209030020600500300000002902050300070000004630080200
006302000030609010000100500300000780800200001025000000000016090070000000940000305
530040009000600280000000040970308500800000000004001002140050000308070000000000007
086001000400900000005000803040008007600300090950000001200000100000017000000800040
007098500200010000509307000000002000080004120000080000000003001420070030005420900
000006501000001024100090070000020600060017000705000200000000708200005300084000000
000060050900401203018000000100040000000000502000572000000009004600000100800100307
900000008070000004005042000090060020300001007520000930100007080850200000037000000
030050700700008095000000820400007050970010000300009040620070000000005000014000000
300001009200050800000094000860027000000013002009600300072000000900000000050002400
090000000006910000103004000500060701000500086900002500630000000000203040000000290
701008230000406000000000085095000000600000394008000020300080002006003000000790000
000000059700002010000040067001000000030000480005864000802000005100009040900600000
000068400560000070000003000300540010000090000970030800100000005096000700800600900
240080670000402000805070000600050000000000506000010720400000810900007200060039000
070801000900050103500060000000385006040000020000270000004000080100007600000020017
000020560804000000600094000900002030040170902100000000007600000000000050009458003
048009010790000040000008200050000000000140802000000063031090000000000000600007050
009400105000600000456000000500700086007160020908004000000000010080000703000020090
600001903450200700090060045062005000000000420700900000073090000500000000000508070
019630000500040020200800000490000008000007400003000090000080501700050000000300002
000005019090006000008030500000020040600407020080010000000040030010000007032060400
009050400003006079000300800037000000000470300000030025800500100100000000000190504
000000600000000941091030000040018009300000062000000000018900050006500700004600008
000508000046030010000006000000380000102000006080021090010002408007400060060000930
807000000000042100100900084000095400084000003750000020060023000000008600020000000
007004630401030000000800010000100042000000700190000000089200070040500020200400500
024000008008405020060000010905100070000004100000007592700001000000040000000000803
073020006000006100005003009200000500000004072000030040030080900090050020040900000
300020540050000000704300000008103700000000300205700060000070000000004200083015007
000704060003006250000090100470080602005071040000000000700000900000300000052000000
900000300000000070000603900400020030000900845000007001020490058006500000500000097
100096002850000090009040700000064028080003006000100005000000000640008000001070600
000300008000004000850062000307006400010009000000000060600090021080207056100000030
500000004007560200000800000001900300080050017700008450000640000100003040000002600
000003000007091000100040008703000010012000000008000205000500006024730000065008040
261080000000004051000000300057600008000000040089342700002701500000000000008050000
004001003030709200000005904000000046120000000008150000060030009800000700059000000
000800060010003000503200000020907050701002300000100008009040000040070000068000010
000037092030000000000004670050700180790000200060008000900006020100000006800072000
601902040500800609000000000070008020000000006005140003006005000009000804007060030
000070010007020340080001007002600539050209008000040000000000060241000000003002000
900080004700060083400905000000030000000196750000002010200000037004020100001000005
000010090003000700060300020008200100000000900400607008500060000901000030004830000
800600002020040000500100900375000006400000000016005073000000007600003800009080000
009060000000008074000402000002000009100300060400076000070010400000800000800040625
200000009007005024060070000000514000000000000500600098000008300008000001391200060
060410000000080000574000900019002005030001048027000030000030700000800400000070000
490020010000000020000800000060300080000007300000600090026000003030500800807403100
000570042002803007030000000000005000751206000000400000000000960013000080680000035
390025400502000306000000090000103208008000000100072000005090000007600800000001600
409000500003080002000005001090600700000320000581000000046000000000002007000703004
400090760010300000000204103006000035003005000100000800090020086008006090600000507
005807000006030020000000009700020056000094008210006000000000070600070080401009060
000006004820030000900200070380000006000000108000059000030600000050000807000092530
058000000000000090306001500670040053140037900003000070000004020000890000704020600
200900007050000600000012003000000800620000090040500030030000701000008300010720050
000401200010500004609000000004700006000003590307000000500070002080000000006090300
000083000006005200000000801805006040002000006300010000000000107001470082007030000
000400016000000500501029078067000020028050060000000000004800009635007000000014000
000000040924060013060001000000073904040600002700000000280090000000500097003020000
000007250760010800200080000000000009027030000430000570000040093000300000080060000
060500100000008370901000000300200000007090003040001000400060000006800017080000406
519002000000800010030600009270009000000000300000000726003008001040730005020100000
700080004065000000000040703850400006000000090020870500007000000000960047080030010
600072005030405002000680070010050007950200000300000050000000000006040009001009600
000500642050000000090000870209610000000050000080040300860000000000728000903000400
000060000002000360060102000009420700700000640051000003000500030500910007000007015
006000230500001700001000400000004000300057000000000503200030104000010092084005000
089006000035000004200080001060000000402000930090008000000300006000041050504070300
000103069000005008051000703800001006060000804020050000740060000200800600000002000
000809200050000074000000000040003050005200003006000001000490700000002005014000800
800000900700208000500003640000700196090010000000804000000600081600000020008509000
060037008080600005400000790900803070006100200100020080650002900000015000002000000
260000009000000001040610000700300000030409500920800070008230000003904000000000040
000000000090060017105000408000000000862001000041800000500907000400000305000006002
000001805000798100000600090004009780300800002610002000000500630507010000003000000
070500000050060009900000400720000000000704030000080506506903010000020080000600040
000060734000000000020940060007001000040380000890000000600020070100090008000600400
010000080003405010000060200020003460500200000060700030050010900007040000100300000
000008509904500300080004012000003000009050080300070000000060000050000791010080006
000205800020000090000300000007008015004090000200130070000806000015000006380000000
200060009007080600050173020000000190000000003000215060800000000400000070500608040
300000720090500600000800000000600100001007080002051030000003000000010079543090060
100005000050704030004000900400000006093000080000000201280060010000001008060090020
000816090203000000000000500030000200800090700000070060061004007380700900000030000
209003000507000263000000000140200000050040001003090000300900042000030098400700600
020060000035000001670900080007628000890400200400000030000042060000000803000009050
003000027040907000607800000710000000200006000000250010020000003009630000000105004
800427000092000080100800300070000003540900000000000010007603108000090000000100025
800004000700003001510000082300008050000300900406050200600000070070005030000780000
000000006000000020070100000400007800000010309008309000360000080090620503050700200
004006000010080090000000040900050008530047000000000000700000263208070409000005700
004008020509000000200040100090000000001030078000102900000014000030700680000000003
800090703000600000000002004008030000040920600001050008009001000004000005060000371
500790000210080000040000901000100300000060020100030000006000000730004006000820007
000061000007200680005000000300000740201040090500392000008000000100604073000028000
015070800030000900870200300000031060000600000080000005100000008009006074040000009
109026050000007000000010003000000030020050000070103809700002000650700190002000406
032604090000050000006201003203008005010000807000079000020000009004002010000000700
903400000010005000000000100008943000000000700050600200070309480080004061000080009
005103009034020001000000008001007400000000506200060030008000000040009000070604000
563000704007503000000000000100060070000100300046000000090048000700005000000009508
020060300000004070014000006000007000600005800001200090000049050503000000700000608
000000405900500006106000800500092000004001230000800000700008600035400000010000000
090060074008400060000000910800009100000000043005007006040000009000000000001785000
070050000000000715301800009700600102800009600000030000000360000264010000080040090
008000000965030002000700000000000064000000300507002100702005038100000040006078020
006070200400050000050100800000061500000700680003290010700020000925000006000004000
005020094000800000000040200600009800000004700970310000054270000060001005000003000
000000800000820000100004000030002460000600702700000508003710000009000006200309050
063780002890560001000000000000000096009300070002000800010003000200000005040200708
900307000760204000000000050000000806002809030000000400100080020049002000005001300
100300082000000007200070000008050036506900700000000900020600010040100500000020009
010080000002960805005000000500014000040000200900000030000009050000600043000830007
008009002601400000009010060030000056000070910005200070000082000400000601000050003
600000910010060000005030040000309800040500002000006030007000004000450000100080600
920000000000007000000185030006050000305000090000726000000040020009000601180000009
048000700700010000090600001020070900075102800300900000000000240000001300002090050
400070001070900800000000460200080100000300056000205009030000002047002600000160000
008000000064020000320008000000070050000400670002600983509000200007080465600000000
000040000000000430500908000001800007050020003200060000600790000000002080074600210
050000007700003080001800090000020010960001005000000020610092000004600000005000600
407000090895006000000003000040690700200000000000072500000500010008020070000400903
000900000000040020690053040000000500009830100000017930050006000070090050802000000
000050008000200000000000623070300042406000007200070080000037900050090000038100000
000000700000208305074000002730950000080040000046000053000010000800460010060700800
100500009040900000000020010500000100070000000900010607090034000008000005600180093
000000004004350200050000360083000000400709000902000571000500097000140000030060000
200000601008000900000861000700400000000089073000070010003000000004090006190600024
500008000000003040803600091470005000008017000001900000000040007000000832760080000
100070080300200001040068000000000002000000700089407500050800000000050673900030000
000400002000000030040600800150000000000350090400092100073004908005030000090008020
010002059002100030000030004050003018000219500006000003009000080027800001040000000
700410080600070000000906200430002060080090715009000000802100000307000008000000400
600000080500300702000007005020000040100450800003000000050060100000040230830010070
000020507000600000060170300800060095010003000200000000000004082040080050003010600
051080000006200000000019002490000008080020000300000400500030000000700064030004100
700802000205090007000000800060400000300009000000000210090050080002004300070200460
000408506000000840000050001085206930009500100000004000300670010098001000070000000
200000000000056732008000000400510003050000047800040000745000009021000060300001000
409000000020000001800640009000010000010000006000009028004050013000007000230860500
950000000700015300100020000000031000602000000001500090000609080000040030078200006
000074008005108900004000000803060000000000710601400020000007080000000060300009100
000040906000009008830020500010030070600000480080700000000200000200013040070000300
000931000000060040820000000700000006000000501008100020000074000040008003050690007
000807210000006500000000008091080400042003007300700090008000304000050001007000050
000706000520004900000000010240000070000050003000201040300000100004007060006000890
001030000004000703320507008500080060000000007840020000067000090000400080400300100
491000000000000070800004031005209400003105600609000000000907008000600002010000000
500067000070000080000204150020600040300702800000035000604000500000093000000000301
002008070000723004060000000300010000010806003000040500004100009000000402805000006
000000109020080500053002047300500400009300002000061005470000308002000000000010004
050000009060704050400012000000000200000600901009430007082000603000000080000009002
083020000200010070000064500030680700004173000500000600010000004000000850800400100
000009860060000007030050000005400009004000301000020080940700120007006000000000003
803000960904000800000090000000004007000035206130000004600007000509040002000058000
879200001000003900000000002306090000000020005105000640607000008000000190000004060
090021500000090000000700006504000100600000200800000097010008002053007609700000000
000000100000004000073009000008200710000640008100900020065080400000007006700060082
009000035006000800000080016300045700091700060800000000000000240200007008005000000
093060000062000035700001000050000091000089600900147000000090000000000062035000000
650000000080060974000070001000290000002804000010006000060000800000000012970000046
000000014005962000006700000000304020000580000540000070700003009000000000608200053
300400006900000420041080000008210000000038050000006000030070000020600500010500079
040000002301050006000017005703906020000800009080000030039700000000000040400508000
008000630900050000203070000000560020000000704000904000007020180090040000080001300
100007200040600300005400000501800020600040090004720005000000030068000004710000600
720850000000000090584000000018006000000002000206070400095700004000903600000060000
000700010002060800070100300008095000000000005100003000709580004300000008005000600
020430905050271000000000000100000003000064700300500020900600040000090310000005007
173400200000018000000020000050030004200000908004001007005009006900080000702003100
260070000070000600000021000010000705605007030000103090100800504058000103000004007
000000400009000000350401200000027080700130005900006040000070300030000001406000070
000000006000007000506800000300500700601402000000601030030000207000008090012000005
008000000000300001001000503009700250004000018000803600010064800970050000000000900
000007310910050704700102008090000000200300400006509000040006930500900000000040200
190006002040009730000000001000300080001607040800100000005000070600400300907000010
001840000030000000945020060000100230007038105010009000000000080000400701000600009
002970000006001500003002000710000000000007004000060108050209300000000000087040020
400000750800000000906035040073906000000500072000300000040009067008000020060002500
000004060000000040039000500010040050080006000502300000300000000000730901090208600
050040090000301000000020683086000040310008000200003060470800000500070000000002500
010650000805700000930800570000020004100000000070090100000000000200100659000000421
000000007003008000708005004000034100000026005020000306800100200009702500005000040
069000050020000300000008000000200000400905060000000087290100500080400090001006070
008004001050170000410000006070080640380002000009530007000050800007008000000000004
200003000070005000018040000050007001920030008000500300507302080000600400100000025
000090000002100004703000280004060071001040000060000000000003060000800013027009008
000025010700000090003008000820040000000213400046007000000000001069000020050700000
000003007003500020050200006010040300090000002706000400000010094080030000905008000
073000002006405030000002700090000000100000800020096003040007900000000510009600007
405001060308400000000000000700015090000000003060700010000807000007000305100060400
080000300620000057000700800002135040060400905400602000903000000000008000070200430
021004500704090008050000000500009000002006040030080002000900100080300000040000057
000005000806003000030000050070020000049006001000004806000019530000060240007000000
000060009000800170000007060560000040030580001001900080086000004900000800340000050
090300800007008000005000106003540000040009037060000000020004010006001900070080000
050904070080006000307000800070000100010000020000502000000407090000000530140060000
400063000070000000010000049009070000040009081000000500002600300305400076000500000
041000080080000039900705002100860200000000000000107008004000760002000800030006005
070300609000000082003081000800000030260000105000950000010000927000010500000703000
000050407900640200000031008001003000008070060076105000000000051060000000140000800
900630000340000000807000020080050403001008007703000005000403900020000000004020500
000000052850000040067001000020090000900704060580000000000500607000070000000108520
000000700840070509600018000100000400000025000000600070050803000410900600000047300
000000500050140073800900000400890000003001000601030020000000030090508400006000050
000000080009000100203085000000100297092008006000003000160000804000000051000700900
000006072000800300200000800010000980070480000000003400046300050700000048000010690
000300000300760042400050000059000000100090060008002091000000030040285010006100450
000000050020607010180009007000102400400000600061080030050000970300800000070000000
600000705800020103070104080000800009002076000086040020007000000000003008900000200
000090600100000040006002017030000860009300000000005100800400000001000908000730020
000009002600000000014830050000000068000000903029040000030600200005001034001000700
009300070300080000000046002060009008001000090000000006406000085010060000000070034
000100092020003700000020005008309007002080501060000000000801000900000000035002604
300000160000090500007305000100000230023008041000000090508007009000000010409080000
600000870300405000080017000003000000870003090000900040000000002000020030706040000
908000000030000005000700063000060030600472001020900000007100040000005020081200006
895010030000400090002007000600001000007050000000000075040006900000000000580300104
000100000000000053080002000000030090200004086006000030640000000300290041700058000
050020000000700400020060900000208000080030000096400013010070204004000739000009000
094037800080060000007000500010070406600001090000000000000002350000500004001740002
000390120300000000006000000570000008000000306000008014005000000004270030020450070
000000000500173609000590010000305800000400000700000050000061090408000100300000070
000008007000203000940100000005000600014602000000000400190050080020006079000000030
004010200000700090006080005000900000010205037008600000900860000000000010300000678
705008900810000500000001000300000000057003001400087060070060000692400000000000040
500030002000004091000009700049001000006070810000600000004000070867000000000450020
000804050050100800400000000000000092209705010001400006500008630090010005000009020
096000008050060020200080000040050000000600901000004000007300019001200600004070003
000040007510030000047050090000000000600700308000300009809200000000000620031500000
000900354006000020030007000000070000279080030000000609000051240007300008012008000
007030000030409000098000000000058906070090001900000050080000500000001070104002380
106000000083000000005200000079000050010080000000009670000900015800003000040018020
004000001000060803000500060800100000090005000006040000012009504000000029085000100
019003000000080003007400600900001000034000050000008002483000000001000500020904001
000000000068005000050408900000700025400001300000020008300010060907500100000030050
030041000910000000600000000090005710300470050007100006000000020002500000480000079
000004010000097000000380900050009000070030060300000080800023600900005130100000520
023000000400080209060703010007001000000300096002648007080090000300000000000007080
000900600004080300005100007030004108200000000091500030000206809070000200020050000
010000060007000500200706034000000470103005020500000090050003000060020840002609000
615780030700060002004003050000070500040008000306000200093000000000019000400500080
000000000031070506000052800000000040004708050069005012007000200100000000000490001
000807000040090008906400017800000094000000000100360000000004001001900003007002840
081000000000900708000230009200080307034050000070600002000500090000000006000040800
020000500500000081609000304008030000700090040000804900000000026005002800006000007
000000000607000020910000386093050001800009000570600000000100050000004090006803107
006070000490102050020030807603000100000010506000703090060000000000400010700000000
000000000700004091006050804000071900003008006904000000000203000000090630508010200
000040000001003000050010008000900360605400000980000000003007054024000001070300020
095000200000000080430000051002600100609730000000809000000076004360000900000310070
005000300000000090026007000000000086800400107000030004900010040070900000200860000
000000000002140030060003001000400000003050000070009810000200004700000920080071060
000802000035400800000000300000060507012000000000010009100000004040079000508600100
050902000600000940010006073047000060000067000000100050901000034200700590300009000
003000090200700406000000000002004810000000607010039005020010000860020000000490000
300000500000500002058004009004890050000267040007000000000670000043000900005040083
005000004142003000000760000000085000001007200800000000030090560007020080009000030
005003004200004005008900000600000800009000010300140007700090300000000092500400000
008300700300006050600405809005000000200500000900640020004000008000703500590000600
400000603009000100300090020020600008050001400000800050700200001060300807000060000
000109807900000010000700050008610005000000003700003900075090000000000080140502000
030140029025800000007002000040008000000000003000000910000007592070004000009050060
000900500078000040400006010804005000600008001000070000000200030100050070069001004
029000000010000070003620001000001740050000008000050020600005102900006407000190060
450000000008207000007000800000008403000740200540600001036109000080300002000000060
070000003430000090000400507000601200000020600000007030890100400006050000300006050
030400000009050400400007006001005000000000024704006100000014300090000000000730968
600050000030000507070360401050000970060500000000084000000000000004000600001078002
080003910005000806000006000000000090046802000073001000001407002090200300020000060
094700280000020000800000067070064000000003001000570008008000040200000500035000020
009040050008900000000705600605000070010000090300004000040006200800003000030100006
001030000900050870000609010630000000005000084700003000060870400080005030000006500
300006090700000000000040050000000100920007500608903000009500800837100040000004030
600900240085000390000704500000610430000005006100007000907000800010200000040009000
000000300970004002030070008019003000000000417720000800000005000080200049300040001
905000000064003000000000729400801900030040080000060470506410000010000200008005000
000500700070080900005010008000021000000030026000900400004000050200000190301090204
005100030000008104000000890900500080040001050003700060057000000301090000004035000
100002740040010380002000000510400000298005070000089100003500009000000000407000200
097080000500064920800030000730000580000200400100000207000000609080000050205006000
080003400000408670000060090006250300009000001000000000540006002000000584000090000
900005008601070003000400060067090020300608900000040000005000040090700000780000050
006012470405007000000640300029000040001060800000000095007003020000950000600020000
800000730010000400360009000000000000003000126004520900706000098000050000000306070
000000070506007301007039000040000002009005060200086000008000200310470000000008000
008500602030000010000021078000007000400080095870000400023014000700000000001200000
000000003300760001002100080000230060001000400003040209009000010758000000000450000
000008000004900150800005006059020000108730000000000000600802900502003060000000300
601008009000000002005200068040910006000004090030000500057400000100500000004086070
800010000075800000003000002000002407041005038900004010004053000100000000002000000
000003000050000018190400005370800000400000901005000084000070800700021000000950070
200000000000090701100800900000050106000009200050040009506000000009700640000280000
028009000107000005049800700900000002854060000002000076000004210000008500000300000
802000570100000008006000000040050120000009050090080003000500060009140000001698000
000000000030004200001007050009050000516000000080070160090000000000100300007249006
006840003500001040000060007800100204000007100100002070000000000009000400007096030
200800000010006340009000810070400030001280400006090500007000000300000900002003000
007000800405000000310007054800090030000000005050208040000700000243000000090100002
000008036000010000000640520060809070003000208000460000950000000040000000000907001
002001080409030027080500000020000900700000100000104002600000750900050000030070000
092001000080000003000070501020084600300000000000507000000050160270006000460000800
020000600600000820510020090050040006000030000089000400005700000000060041900008700
015020006070034000000086002000007609000000000590000100067000010200003000030000480
010000060008900000000305020000090000471600500003000700500000197300400000080020030
830000000200000340500000160009012700400007001050040900360000200070000010000008000
090100000000006008000009013070000450003705080000010000800002594040000002000600030
090080560005001400000030000000470000300000020270008010001003000006700000950040000
000200600010060003350000080009700000570002100000004005604010850000300400000000000
000068005800000020000701406106040000000170002002306000000000040500639001008000000
070200009390000850000000102908005203000000000500390070000900006056000080400002000
901000700000070083060005010053010090080043000100000000006900032000004001208000400
005000000000020080096010054000098000000300000030004800700200300400080600002009400
200004090340020010000008500700000080003009070405000000071000000000085007002093800
800060090030000004002000700700000200000783009000040806004030900023000010001608000
000083060090000321000000000000000000760031500908056000020010004000040015006000270
020300004010006000600080000700030060003600800000024300980000050000407009002050000
980000010007000084000709000500800061000301000070020030021040000000000070000095000
000100045002007090036500000050090000007300204003701080070000000800400650600000000
000002950804007000002030008070000000010000500000640003000500204000000006003260000
007100590000000000000054006050300002208000700400000900086010000003500100000006080
300050408102003009000004000410090000000360700000000680200000000080005007030000912
000000107502000040000908000106000090020500001000003700041700000000006300007084600
000025000205007600000030800040002090000500030000710004010408002009000007050000003
000130095005009007800700400000000000940000030600800900000400100210000080036000749
008090000000304000000020100760008050000000020000006001009600003140002000500070804
000203006005019040000000000182000000003500800000000003046700080000482000009001200
000000000000530001400980000070006005095700000800400070200000340009000600000027009
640000000000098600800007000070100004000400000009082000001200095080000030000050100
403007009010080000000960000000100208702009003000030704630000005004700100020050030
006004000000502010470300500800730006025000800000800070000000600607000090030040002
490000730050003000030700406000507000300091040065800020000070002000105070000006100
000009060500000304000670000090406500800100000100050000400800710000900050070000240
904001000008753000000600008043009005000170004009000000000040513000000700007300020
821000500600058003000700006004690050002403600080000004000000049050000002000029000
000201040490000001008000000000050010200000003050048090000080002004900060060007500
150009030006380240000000001000007690900104078000000000032010000000005000060930000
007080010000040600000003000000100200030000000090020060050200800060030907200609001
907000000050000102000000080000030000010508900003001060004000007800400003000702009
306000070100500006000000540003900800001340000090000200600000000000603120008102005
000000000504010000006030200000900000108002906000076030205040069300100000000700004
040000002009076000106003090000010500010002800300000000007400010400800005020700003
000905076060480500000200000003500029020600000010008004050003000006000705701000340
000000900060000000000270035803000600000000023095007100300400090200980007006000000
000090050300200400010000060090600300830074015050030040001000500080010000702050000
000300020007400000560108000000000400109004700304000012400600570006070300050000000
850060000900004006000900000040206017002000900000000038700002009010080000004500070
020035600300260009000080000091000000000850000452100000003040070075600020900000000
809500010710090000000003000000042000046900000031000094090200000107050000004000607
000870300000050061008001004950703040002000000001000000040000200029010700700090003
000000070250000000804000639901800502000400006300000010000010060006305000008004100
090000001430800000007005003300000020059030010000062000805004100100070080004008032
000005900005090006000004003000500107006078040008000000100000090300000005050602300
000300007000005000046900500032000004700400000000059010090080360000000008050076400
000307040700000300001000000100200400002004960800056000510400080000013609009000000
000005980000320001700000000000050020509010030083070009000600000405000600060009742
500010068000000700004250000900008030000000100000604007042500800700400010006030000
056900000000020008007035900000700040100000080045012000530000000000000100000800603
000000005060753109037008004003009000000200007804006020000164000000000000015000000
000000002000002030800000701080004060003008007001700093000159000040800300005000200
000201507300000020000050006400090000930000070160038000008000400000002810000900000
800040020400807000060000004000052009000009001020030050072000300001000900690000007
100024500000000000904000000002001600470089000000000300709802000300000007000035400
503900806400000100000006700006000000200180500080003000090301608605800040030000000
007001000000480000010056090090000000308000500400798060100000903050030000000069008
000810040000700800004000150003240000006009400500000009100070600700000008030050000
000010602005000003602300000000009040000750306400000010156000009004005000000060204
000700210000002603000090700000007100003106400009400008000009001065030000084000000
000000002800900000100004870009800300040001050067030009030009006002000030000006000
900401000021000040000000060000040020600000400400762080108000000750020900000090007
400050300007003020000082095605000000020400060300900000000000000270300001900001207
036000008002000070500000030000009005000105006005306810809403000004008200000700003
080400025036905000000000060003500000000060030000047209104600000009050008200009000
017800000002703040000000310000070800000000056900601000500000030089500000000067200
004017000000390050900600020720000400100045000003000076000000301040000068000020000
000090030000003000060000704080000010009006020000208403190007082508000000030000640
000600120705000000012000340580000000000408050000007002030500070007034009000090001
230000040090000700005064030000009400000000001100300007008070100000903600000006200
200400006000015000009000000500029000000508609001000000000800040906000507027000800
000300900030040000650000300000570006504100000001020000400001000020009007009400080
021090000000000608003000700000000050200080030070005201000700000050001009906004003
007018400000000300000064700900600005080007600030050000020000009050000007300871000
000000700804000020009051004010800000240010050000000039000500040080000006000620007
000000163000006000030007800300205000004000090000800706720000040080300002063050000
002080000050209007090000000000010096000608302000703100010027060500000070009006000
200003007400000080000810003000060700004000910078051300000000000900634000000008602
510000000000070005024100600042000080600002030087060001000000003006000000090600850
570010039020700000000004007400006000006000003051000600000040050103900064000108000
200043090006001705000600400000000800020450100100800040308000000060029008050000000
600005304500000000004000200058040090120080005000003700005024000060007000000300028
076004000000700000000390100010000350002100040000000806100050600054008000000020980
000006000028904030370080604005000000000300001816070200750009000003000009000060000
030200000000041006100005000200008043500000000900407005091054070007000000460100030
830500109000309005010006000700030040390080001005000200000000010000000570650000400
034000190000009005002600000000070068500000400000800000000000700780150900021040000
000000005900004180000500902000001000007000004258600070086100000103950700000000800
040500200051800060007006103009000600230000800700010000000000037000004002003900000
103560009040010020000000500001000000006050970290040030000030000017004003028000060
005008004000000010026040005100005700000400000370029000000600002000081000800500100
000000054004002000006001900700810300060300700000000001905020000620080070080000409
000080060020706090005000000090800005000001600000020380000090000037012004104003000
085000300000105000000000900203000007000360000100080406700000000900030620008200090
090000007400060300000081006540000010000020000020010859850009200001000000700004100
001500023800000000000107940005700009040006000000000402050030000700820600902001000
000070003000006290004000005007802600010000000408500007170600084000003000050400006
100074000006000040007000520050706080090301000060000900079080060000000000003105004
006005004084307000050000930003000602400000010000050800600000089200019005040000000
031000024206000030000030906000000608000408000700005009004063001010200000005000300
000100800002070400900300020580000100006010073000400000005027060100640000000000080
020100000100407080000080000000704020407200100009600000380000070000005900000000210
075081020240000008100600009050060000000070100001400060000300800000040053000200040
007140003000000010050700009500009000930870000070000800000000620000051030200900080
000004000904000002000001903001700800090000010503080000302000084700000020040065000
600800013804000000002000005008030406003080090000904000190000070000000900030006000
000010082002500304000060100030000900005280000000000060000000400107903000903005000
000080900040000060010900250000390040076000009430002800020000005050036000700800400
000004000000006320320000051090230100000000900006800000017098000000100008000003500
000035060800000090700900000000023089000000047009004000008000000040502006351870000
300500820000008006200003040803150000500600200000080000009200530000016000000300700
000900008400002009090004013000600001000000706000035040004000600010760000003500080
300002004025001067060000000450209000080000009006800001000300006003020170000008500
006540090080009000100200380003000047000017600000900000900050000008001070430000065
000600200001490000700003004060000040007000000800142000000700000009005026000020853
700500000020000605081020700010000000054060000000207006000704000000000390003000140
000005004000070080900203000800000200000000041469080500600328000030000100070600000
900080700000690050200040000000000030004800571010000804600000002030009005082000600
607008000000000007038050000046000090180203004000100030000600059000000210004020600
017000000004000200000008013020030500005040780006900000800054300400296000000000000
000000170020084509050010002000000030000900000306057800000006025008000000090375000
008100060046000309200060004000020000000609030000000081000003000107000040460800090
240000006010740902070290500001000009503000070000800000050010060006009200007400000
021004000000020050004900000007002801002001000030000064800000300000307080250060000
010007004800240310003000000090000607000300080605900130500009070000560000200000000
010200080000100509050003000900010036124300000037800090000000001000640900000000043
000000002007010038062000000900006000000090700008000000400070020700050906009200403
340000020600708001100000700005102004000034000000070019003007400410000000020060005
006000000750090060000000085400081000560940070800006410030170000009008600100400000
893000600000006074000000000000020700000004903000600020001280000900000050430500809
000006030030000001208100007016008000000003009500090020340010062000000000060500490
600100007002500000070003060000000309839600000007000040403070010000000420010050800
080209100040056000007000305003005700000490030000000006000000000090700613700002090
030057400000806003050003108000200704000090000040300800000000096160000000780009000
001000000003000176060000038000005027000007300400802005000291400800004000100000090
040000000300700600002010007000000008000405020000930050004020701090007400005006080
000001003005023080062050010090000030028000000000000008037215060001908200000000000
000460700005000080000700004040500368050006009000100000710009030003002017200000900
000140500100800000062009000000000940000500007003000000001906800820003705079080300
830600000001009500000000030790800100008001000000023680100007902059000040000002060
083000940070008000060400200000030010046090005000802004030050800000003100000701000
000700020001002000800010500000000050300800160000209800090000000040507200750046000
000000009500060040003407500020709080080000000004006013006000700700083400000000020
008000290050300000740000001809200100000000060104053000000070509000904007000080030
100000007002000008070400001705300800003008000400900102000005000008020073060840000
040000008000080002007209040006104300000050000050006107400071000070500600800000000
700800060090560801000090000860000000050300000007102006580000740000015200040000000
080000000307002060000000970024937100000000000906480000003000001001060790500700000
000053800007002000010070004200001300060000001000920407506049000100000005040000000
000080070002000006000005392007100604200000080400009031600000020304200000000407000
200090000000000200014000006009600004100030700060200800070008000906300008005040001
010040000000715094000300007007060008290000000060000200500000010008070009300080060
070500800600001000958000400400060200003000700000000059000003010524000000009007004
301002000095001200000000040206009000009010005040050000000000800000908170600300024
000300052000000780070902000004000000005060020000204013002000000010000806700005040
000905000000000000132000900000008000013000024070006309000070053940680001000000000
000000409000100850090027000005091004300480000000500300970000000040010067000000200
000613002008000000000000005309860050000002600000005700097020006050090200210308090
500000000010002500030001048070014000600003090000080204905000400000000300300690000
581009000006000109300000000040001086100000000000084000900006700015070000070200908
000205080000010260040806000000000006000470501080000730100000002032000109604000000
120000400045000600000018003000000000002050709700000214000004000000690100003200000
300000800005000400000100260807000900650080000003067000718000009000090000090608100
000050036001000807200070000000000300009400001084193705000500000900000000730006000
030010002200000000000007096050008000020001000093000248000070019080005000500004700
000800305040007020000900400064003000700000900580070003000309004200600080010000000
603000090400000000280100047005000070000002030710504029000240000000009000000001085
000500300290000780800000060001402000000000030007010004100800400003720800580000010
120030000000000400090400021000560090060000710000080002650800100300050000070340005
001000000620003070074090020000002190245000000060000000000300500000007008596000002
000905800000000010000002370680007050403000000000000400050019060300400500200800001
200400000000600200150300006007090000000000005085000760000200010094060080000007000
000067300070005020000020070000050600009000008018940000100600004406008000080070200
000301070003080009000000000005000091300000506820090000600030000708500200200000408
094600035000000000008210004705000000100940300000700008003000800052000010400030009
007000050300010400050004800600000002920000100000046500000060005009500203000709000
503007000200003005867000000000000489000008056000400001075800602006004008320900000
000076001090240308000300000020067500703000000400100097000000010030000000000050679
080000005003700084051060700940000000005000000200581000000007090300000007008040301
000008000300000092140059060020000700001407000000016003010000400902000000450030080
040006007308100000020040009400061800000000400700000635000030200010009050070600000
000000006000000280104050000098006504000000009000100000307000000006045073400002050
007000903900106000005000086070609400000040502500008090000910000809003007002000000
000000060001296005008040000039000200000007908080000000093001007006000480000400020
090704020063000000010000000000000000032000490000900806008010050009640000040000201
000000102760013800800000000900002000030000070000000508009580023500001700300090005
002007400001050600000098700600000009000002570400610000000000010070030900500086000
704006000053090000009000070010900030040050002000407000000030910000102000030000004
000100080030040100004000350080702005092000006000068200700634000001070000020000000
003057040200000009000040030000001950060000800050900400700000610040800002000063000
000035900090800003006700000210000050000000020000090000081400000630020001000000740
000700003000380004000009500860070000701408000005002000054000107086000002000061090
010003070085100002900000000056002700870040600000030048002000067000060001000000900
490000100060000540007005000978030000000007032302050000700000001000160804000809000
000200000008500006060009150000023460203000000010000070000317200000006080001090000
500800004002090700800002500100000035907050008000000000400680000000400003020000010
000040000059000001004010709800000000940006005006500070000037050002090800090000030
002650090000900000005004120000005040806000000040060310300000000050008607680070000
006900407800205000900000010100003590000600028000009000000060300480000000000054002
200600800000000042090054000010000000402803000000091400005009600006500084000000030
200000006006000040000003900000020480030800060500700090000408300000090000040306001
300000700061000000000000015002078006500030090000690000000700420900003807048000000
700008004005100000000450800907001040060002003004000006000890070002000010400005009
958000007000000900200000030109040002003068005000000160000790040006000003000803000
900000000000532006602007000028000700700046302000008005000700010040060000003090070
070000080800041506000000200000850360000009000000206010100098450002100007050000000
473000900800000001009062000000400700000817000000530080306050000900003402200000000
057060040980001000000000060062540000400000000000002900000700100000020037004900000
210006054000030000050000000000300010009020000040790000600102703800070006500000001
000000001907000380040020090080900060000001007000062400000090008301700900008000006
900070001002908000005014006086200000040000308300800600050701003004000000000000050
002000000410000900900007003000002605080005002700009830000701000301090000000400520
800500006000080000000090041593800000000000008007000120030001000000004053905000607
000001000000007800680000020090003040000000700000724560000030190008500000200000003
100000000004000510039047800001000000800700060000900705000690080005000200000008000
000000008000010700000780619024500890009000004076008000105006200090270000000000000
020000004701000005090003007069000000010075000000090600045300081900080500000004000
050000894009070020000005000900000001087000030010090570006013008000007053805000000
270903000800040000001000006020009108000000000608000704000705000006000081090000050
950700604000000002004001035800000000060023070021000006700012000496000000008300000
700090000000030701100000640089006000000300020030080007001009002090020006005000000
040002080009000052008003670060000000005301020000008000000700400090080001300900005
604890002000000400000070090072001600500600008800002000000100000008037009003000540
000000908000700050010006400060030090040000200000008040000060800003400027508200000
008000005000200060000000803070000029006050000390020071000045000900307000060900040
070690200100803070200000006007300040000280600000000001000000968006000005304000000
004600002386070000000090007040000000108000000000507090002000050000206100900100020
060700005500103290302000800800010070003000000006309500000071020090050000000002901
002000070000000800000560009060702000100003000008610000950070000070090083800001002
000500009010400050470200600000000305390000048000002010008000020600010000730000900
000027104090030072010000800430000000700100040080000009000000050070610000000240003
250400080000002396000300050000008270010000000900500008009860500072100000000004000
080000100500003000907000486000060300008000004790000008010006050005070020600250000
005900000100004050409008100004067203001000000970040000000600031000070968000800000
900000080000070605010802000000000007001065020008010050800230700093000000026000001
500847000310000020000000800000400300801075409004060000000700000093000100600010903
200780600040000800000051200080036000012040308970000000801000000009020000700000020
300008000400100005100005300000903400000000000005040120000000261009800000000002059
000400003005760900400020080000070600600032000200000300000604000510000000060080052
060200014500014200000800000000000860000000005270005030600000490080700020000309000
000000000020009000300000018609070500000100400050003020094500280005080009003000000
020970003069100720003000000000000000010000205000067098000200001008090000000410360
010007009000090050080040300070210090800000000090083201003800000000000003107500420
506000000000701000003900876600004002031000900900100000050400097008070000060200004
301650200000300070000104000830760000000800000006000039100000020049001080000008047
000000000000000308213004000004006180030000000800700600060070900050040063900020700
000000050006300000000240000017000060920074080500000024009003400030908600170000000
007008630004000000002000004400091003000000000903007400500000000009500780071230500
000000400200007391000009002403000000000060008100900560008100000000020006500030070
004090060590000008080060000000910006040080000810000097005200001000000040002004070
098000000000500000000000160067003002030107005500020000400002519800040070000009000
008000010000009000050040286000050400002003050080000700070900001000305090003080007
030002040090000000000800002001004000052080031009000600000030807587120000000060510
003908007709000054800042006001006000000000000000027308500004000380000001000000023
700003600006080900000000082160070800000000004075000000000004270304700008080601040
000205000000000073000004289008409000400010000105000030000600000049000000500008610
040800000300060001000300006000095000700000900200703000020000409000100670908002103
900080100000706000005320098000000001003000400010000385850000020407600010090050000
002050000490000050010400090750000308000008904000003260080034000020000000900002800
520000401000000300076010092900050070007200005003040800000005000010006000000790600
000080003930000004000050970102000700006032001850100000001300000000820000540007000
000000000005000691070120380000015000506807900000000000007001000080900700940500020
000305000020001800001900060030002000000600003800000200052003001008000407400009050
300006000000020010000001703038000400100000600004008002803500040000094008020000305
900327000005000000070008060000030504000900000008470002000000308007000100034501200
280000000600400100009000600100200750008300000450010003021008000000007800000050000
400001000730002000002400309060080100070039000000000063593000004000100000000048006
000900300407000000610070000000001720000069400000750010900008000000610008506000000
003100000006007090904503007092000004100000685000000010000400032000009000300060050
034200070000036009900000001000000000803001002020005700000002506009070048002000000
090300407040000030003607200060014000000009006008000070250000003000105000014006020
003040200040062003000701000800090000301000600600000008080500009000080040927000000
010000600002600070000009000006380005040005201100007000005000000080020109000090080
000600009009008010030005000870509030903000100000000076000100407200900050700250000
000000000905800060008130059160000200000200000000007084780046030010005700000000000
000000400030019000020003060000301080015020000860000005000000650200690004980000000
000000908800072010050000000006508200580007000000203004060320105000400320000000006
000000001040035080900000000052100700000003005008607004003006190010070000007000063
000000020700000845006900000450027010207000000000000050060030500004010703000809000
000010700002003680806000009000020900050406200203900007074000030000000000500007000
400000000010800009500000002004038000600900018020000900008003400060207083200000000
400000700000000062070103400040350090009080001000000050200006000000040006036800070
209000037070056000000000050038070109007601000000000070000034000802000003460800020
006000000900000003000013540087000000050070900000400102721000000000090005600700300
004009800000305790000070400000100000008000000590008300753000600000007010400050008
001000580000080000000207000002001003000000090003060100840090050100020900090300040
230001600000020000008093000600500370020000004500070000700000920800300007009060000
005003081040027500000000000070000000003000079501006200060080000000400800300050020
900020050025000670000409000602000008100008000008900310700003000001000400009706001
200000000007500210093007000500000780004006003609000401006200070000070800400090000
010000000300006470002010090045200008000070200000005009090000000001059003030804000
000300005000000030001967000060000080000600900082000700408030006000498000070000200
010800600080000040300120080600002910004030500805040000000000100000003009040700000
510000070000900000080100300004300000002070058000000100000009530000040082600005709
000750002030020009090000078000040090001062004002090703100000000706000020000010360
130000904020100000740030020000620005005009700900500800000000009002700600080200050
000000008005029700100800900297000060600007309050000000500100003061400000000080670
050137004040000000830400500000910000000000020400360700085000040100005030600090080
000700000000203601308005000009610000050000000020000400005078006006050003000000102
000805000020060900095100700000500000000000802601904000200000040503400008060000300
009600002000900005364100000003201000010340700000000500050000007000007900100000380
200705000007100000000000068000003045030206900900001802040000000120000000700602004
200060790600400010700059000960010000100300460007004000020000074090021000000000009
500023000009070040004009300008050090000107004000000050600004020040000800900036070
700900100000025008000000000076000300000040009802000006409036205305080400000400000
093870000100000000000006083000007500402100900000042600000000002039400000060000000
010000070200070080039002000000701250000500806000020400026000000500004020000016000
000600290000000007703000000500310026007000000609000001290000370030500402000004010
003000070000400800008072010007900300000300000090010005200000480804007001030200000
000020403280070000009030600010006000000000067004800005062000001058043000000000500
100000030005000002006724010800040006040170000000000105003008000000060090690000070
000000400030020010210040007000006305005800060002700001000009500400100008000007000
000004005060300000000002800009800300000005000000120704001730000046000008005040603
900000060000200000100098000005700102000500098030010600007900000020000004401030080
800050704050000030000207008000001002600490503000000400001070300080002000360040009
052000003070003000008100204080000000500000096030500700700304058010700000000000940
300001000006030800785600004090003608050000000060810000400160902000000007000090000
006079000740030060801500000600000000003000010500601002000090051090054000000000008
000002010008603000204100500060000035000000000300015028070406000000000009526000400
340501006000000000019070000800400000002000507450090002200008050000040603900050200
620050003008070000004009520100008300500630000080020050036000001400000600000000080
000001000000530007050780600609100400001000009003002060000000702004020090020003004
000800030000000000000004085000059760071000000608070004000381690002700000013040000
750403012200070008040000300014000000000680000080009607900010080000304000000900000
100007400009040500500001070010080006300900008000006107000002010000000000080060094
000030900700002346000001005590000000800940500006010070040000060009067008000100000
700910005204000306000000000000200004007000000329005600076080001003500080000003000
010030002000700580030200490002096700070800004954000000000010040009307000008000000
000030000009000607700408000000005090642000001000000000870009002096040800200080010
000070000024003000300009670180000500000200006007300200400850000900006030060000000
000000709002096081005000006000080000400109007068450000080000010009037000000000000
000050000082100007040030005090040000015006004000000200800000010074008300300600900
004000020000610830008000100000000060140002005020009001200007000000000000090504080
000800000609004300302150000003010500000380000500000040008700030001000705900000002
000000020000000498308400000070000800050000002260000104000206900080140000700305006
020009010004308002006000000000900008100500900005082064000000001083000200560000000
300000009201907500000800000000000800014000350000201060002008100040700030006003095
000850000701000020000000500560408007002009000070000000000010008200000000403070609
400000076000005000000310085080009000503470100006000000000080001052000000090007402
704020100500010003080000009008400900006159080001000630005030000000047050000000200
060000042000109030000000107009600400005010070800000006000002000300570000001360800
070300002000060400305200009000007006204030000000800010008004000003020900050600740
000300007025080000890000000500030000400006003000400009002600000030200186000700000
040000300000670000000800075900050000034900000008000904650000000000060087000120050
000018050081030020009000400000750600000000010060000004917560200005003040000000000
005000240007900000004010008000060900058070130000002800062050400000600003070040000
100069000640003000000000020307000000094006273000000040906107030030000400000000650
000056020090070000020900046000007060140000070030008004002530180400000000005000007
000004018105800000000600020400003009001500037000000200006950000000000400020000706
718050040000002060040700030000000005070400016069000080230080000900070000000060400
087000000000800700000096403000400090000005207000003005801007000400100050600002000
000300892500000000012000470070040000400209000006000920807092060000003000000007049
730020410500100000000903006000209000040080000680000070300590080000000020000070004
201000009000068000090000700420000100007020053000003000060000004010700200300500006
010000540300900107080007006003090600000008000069043000001400000640000830000000051
006003000400051000000072050600000000280000470097000003834090100000130004000000509
210090400500000030000000000008500004700030200300007006900003800100000500820605090
009720000300000008060010400000030020030062870870000006000004630025003000000206000
000691020000000000020000750908300000000070400540208039000060000104080000003000500
096080050400030002050000007809100000000700430000500000005000000060000790008071045
804000002001000000090500470000000010080060000400000987000030091905080004060470300
230000008050028004000000001004003005002009600000180000000001950160300000009000080
000800000004305200001060000060400020000098000940000007030000500000502010700010300
000000319000700620610002050000200160002056000000090000300900080800000904050100000
007600002009702080304000000000000806000003007003067020142090000000300045008000000
900102053004070000000009000020600005000030020080090710700000000000005000003020198
009080100008100000006009032002700010000041009040020060700005000300000084060010000
805900730000400000700000000300000041006300800080001000040705020900002060008000409
000620950002000800050000000004008000007050000006207010090006007080100024000000600
000094080004030005071080000906070003400000800030000102103000090000800020000000407
460200005000400800000680012009043000050000000007090020830060107006008004000001003
000000000900062000004008005090007204020009080008000130070000000040600350200904700
000004062000305000000090700007020000006000000902040371030050000000000100180700054
400350009150000030030126008000008002080030000000560000005200000940010007003000000
530007400000509030008000000020000004000100300006050090040010060080700905070200000
003795008608000000090400002000007000000000507000100024800009040700580000020000106
900078005000020009003060000051000000000009000000050308340600020700400800010000057
000380001000001076000000000009500004200006700000004008007049300020070040001065000
000400200010270000004008175600300020300700000000009680009040000075000001800050007
200000065000307200000000004706480000408900000030000001000143500057002010000000006
080000740106080000040070650009706000760100300000040000000003080000460000430050900
000007049001349000007000000005010400304000002100090800060000070003400008040500200
007040058006010000540080009900720080000000320700000000400001200000004000239000070
000520097007090008960001005000009000783010000000050800001000050000003040300060100
850400000001000000000000794070300000900150040000086000000000007702003001000090530
000098000080400301000000806610307000530100000000000000700506100000003074160000002
600090000100002540080407000001300804800000050000000073040100000507600900090000006
700400020300600800900008006007000200080000007093180000000004100401709060000805000
000000000863100009000084002017000205000000040020040098000007050006900000508000017
100503700040008006002007004000000000350020009090080600004000007008005490000010000
000800000240700003006000400300090180700300602000050000080000000030540900410000207
006002000200000680050004700130090040000240035000080000000906000017000060402500090
340000000900005008200379000000060049006010700000000000000008020090004600000000015
010300072000002500000600900000100050903000000200008400807023600000060000000005089
010000530000015008200800000000090300409706002705000906000040000001000040900300200
800300060009006007000000900000510000700000000100093400300008504210000000040100008
070080040004500307890003500109000000000000000400800690200600953000050000380007000
004300800000900754000010900008200000000004680240060010060100000085000090072000005
201800000560000700000060010000400030000005900003000007640100009170038000005000200
390025000020008501000000090004010030000003700008600410000000300000209100600000079
000000619000200008060400000040015060600080000000004700900000006400003007308950000
000700080000050007000600430090070000008004003007500004000005800800400019620801000
000405000010070000007006004000000870820090100100200000000630050940000200300000740
010602000000870300000000000000500146008000009000900000207001860803050004004000200
009000000060093078500000200000000000900002005400670003005008000600019040000020010
001053006906014000000080093604070000000000502708000040000005004100600000090002000
000000050000032040000807300950000004000080000071090003500008000032400018104060035
000405000000800030010070906000000670000200400067501000800000090000008503506000700
000020008028100060009700050000670100097002800203000000000800000010065000700490000
000000007007041065354002000000900650080050100000000039000000846010700000400030000
050093000004000003800000210100000037408010005005070028000050060007009000006040000
900700300002000601540009000060000000000004900005016007003007100050001034620000800
000700003002001900005800400060000000400907001000000600008040000001000006500023010
009640000003000080000807020030010070000000509000405000010030007070001000048000091
305001007400000601020300000000060000090000005002085000000000008000097500001058976
009070000000050030040000029080000760030008200002004050005800000000030000670002004
501000008700500062000300000000000900006790030007060820000013000300400000065009000
050071000092080005008940000007006000000000200006010034060000087001000902040100000
031000000000900050968031000070000009050000700002100000604008070009300108000700000
800000750090000002000060008607100200030009000280700046001500000000470000003008000
030000002001700008056000700007080460000050000100000000800004005000027000000005013
000008200091060080000400005004000020006300000900004016030005000082000090070680300
002900540700600900000080010090000400070400200300000000800719000065000030900060000
500000007200010600000006300309000780000500030000907000000860005080002004000000010
085002000600003021039800004000031090000000032003009580000000000956000000000400000
025000000000456200060000490080200050000049100000000008600518070700600004200000080
000002030790043000040000010050030000006000003080400060000000908002060450001080000
806000000030600920000090050700000085000073000000000096500300009000001400900020000
049000020537000009000000008000207500000031000200000976000003000006450030004000780
060002040000004809480000130000007010810040500700080002000000000003010000601050000
000000010500000300000004706105000080290800005807030100000006000300001000008750620
010000000007560020003000050000010000000600472006072103800091007070000300040000000
100700600500000000207010000000305000060000352009000700000950000048000030000060041
000900000068002504000800360400003001000005830500006009306000000005000010009000080
000000000804000951209080000002009500050000000100007060006400010090105000030060700
000006000900004530000100000000209000012003800003060000200000074750400300000001060
000006000851000000007300400008005092009000000020600001080009030005700600900240100
080702000010000000000000480000006075100300040009104063260030000700000050003608000
000870092900000080000600000002306050100020060050007000000004500879001000020700800
500091340000800200070300500200000000008005010031070000005900080007012000104500000
010007200000400008005020610008004000003178009200000005150040060007090000020001000
000000000004200051032000400000009005500060980006001000000000010005080200640300700
063000007200000000000000900025010003001380500087200000000007005010504000002100400
400700150000030060001004700000000000560840000000001000002090040047002003000000502
069002050000000194000001030530806000000007000000090540000000000390000416070030009
000050090500000060070600002000004600008090001002000030050000200090080000060002403
020080000000002175001046902016009003504370060072000000000017000000000000000050004
500007090003400010000300000805000039000001400002000000000030007900000004004095302
040000005000005067090060030389000000005040001000007390000000002850009000060800700
030041070050000000006070150000050240000120005000003800000010000700004006801000403
000500243004000600020100000089401000271089400000000000050700900000060070000890060
700020000002008007400510260050400080090050000100006040000000000900000416000703900
805601000016000000000050000000000120000000309160702005600085000020004007080090050
020473005003000000500002000000000693090500074004000000100009080680030150000008000
006000020040008931000000800034060050500010402080900000000049000000280000050000070
008000000600300100010000005700038000002600000000009006004000082071020030300070640
000000713000060004203005000000000000810000005007100040009024007002600000300000091
008002000270000004000081065000450000400000000000000109300200600007000021100600307
070450080500601000000300600000000002003900007100000803000803900030060021064000000
070030056106000000380009000000000209004800005800300000600000000002008047000004100
000800034700000002930700050000000503100084000090000080000010000040009000060503098
000900000420000000008004006000050803080109060000062005090005001503020600001000030
605470200409050060200080000008000000000040083030600021000004600000000010700062005
060000089810060000300200400600104708000000040000003000000000004095000170020300050
000800600002047000007300080950000000000063900800090010000000006000000450701080003
300700020027005000900000008000001560000070009039260000405080700073040800000000600
067902000400006070008000000000001320000004000003700450074000000806020500020000103
007400090052000030000000607003900105060050348000000000931007020000809000000200000
140090000000000020600300008800050002000000000002019530050400090003008701000000000
020500060000030000003060980000000700500006020000078001002000090450000610009010400
000000000000600004970000060800002000200570180401009500082000010000480070500003000
070060000090300006000542900050000090000010000602800030006030050001000003000690700
104000050000900700086000009600005200300400090000703001000100800000004063000309004
001000070009204300040090800000670000108050420003008000000000600087920000000005000
405060002010000900008700060000293008000000000609084300300405200500300000007000000
008000000030000600007160800000200004200604000000053000100000005506030407004700208
200700000000060000003000008040908205100200000000035010608000009009000500307020006
000007030000040072200105800600000000000500019070302000004008000730000004100050790
206003800000000010000040703004000001050000030009100007000700005090004072001390004
300200800000640070050090000008400300000009020001000005070002001040000607500060000
000930102800600009200000040000005000000014700006000000039050000010070000000006020
000001700000620000308000005070000306002000000000008000020706040005400002106300050
060040010084060900750000000090050080000400000000000175003506000000003802006080700
068900020005007001000400000003070000000800600076000008130009500090703000000008490
000020050000030624006809000095064000000002000032000800041000500000000300000071002
000460100080000002004000805000500070320600008001720003000070000900000700602300004
940000030008560000000001020002430180005010000406800050000000000104380900009000002
000560300506800000000004608009070000018003006007900040000080079000100085001000000
100800000600007050005004009000000600740096000000410000091070005360000000000260000
050000200603019004000460000070800030800000000000020009005040000300000180910000070
090100200008020590040000000003400052000007408000006000427005600080000000000090004
905800040000740900000300008000470500010000790000000030090010004500900810600000300
003000900600000300400080001050000263000900700708620000065000004000800030000001690
100300090700100600006050400000038000020000000390000108900007000008020700000063901
006000000004050000000094780000170050020000100040002970300005090000006820100907005
200005091340900200000800000600008510097500000000000047000200008064000002030000400
000000900000000100203100007300000002105049003000083060020001000040000280000008004
003009028020307010700006005000090200030700400000080001800060000090200000201005000
502007000001050240089100050000308000008001407100000000700042000004000030200000900
000000005007010020810900030051000000049700000000000970038001400000000006020600009
300800004100700089209030000400003200000000000937108000000080001002010700000307500
000000001709003008005400000600200005000006200200080160087000640090004000400300780
000070008000090000000600900020006003070004802005000740600138000000060000482000000
000050000560400001840001030150000600700000509000780300000047000006008090000260040
500000001710086040006000009030400000400000092000018000000590020000071004008000005
000400059900001300000800470009000200001000005640700800300605000000004006000038000
000004700000001000008926000070100450100070000300509600000600000053000006200005009
000090080500020030000007000070000804000000210096000000020030070003100005160850000
007060050030000008900301000800034700006820000700000020040050000002080901000600000
008000000201700053005008210900050002306000041010000600060300000000000007000907000
070600000002740000940051000307000000090100007100000830401020008000008520050010000
000007020008000047060040001002009000000000700405080100004018300080060900900000006
006804000058090000900007000402000060005200090007300450800020000030000070200709100
300200000040007800080001407008000093900000010000050600109408270002000000800010000
008005070070000800000000029060100090095004100000600003300062004857000000000730000
000003940000600007800070000300068000007010006900500030008001002000006450005000310
009000100000000800008203000900500042062000000080000703005000010000005204090640005800009004290006700006005900002060000600087000007000010930040000400090306000003000
830040000000000001004090300000100705009500000007800600000000800500000462478006000
906000003008000709004090062000002800030900000000047000002805001080706400000000000
200087901900400600000000024310000709050130000000000002000900000830000000001020006
004000009000007085510200000001000072000094008006800000002608900090700060600005000
510000478000004030000009005000060000840302500100500304080000000421000680030000000
000000003002900040700006000605400170000007000000200090050000000100704030090610705
705003100040006900030000080972000510000000000000905678000000700300410000500600030
006000008000000000405000060500030007047020001010800005730006000002070340000050806
690000000000005400800300005040090602000500000001004009080000270002040100000008030
900710052008050047600900000003400000000000001040090500000004200806100000000000305
070900030000040000002006000040300000100007006005000410080090700020060001000700804
700000605001300007040070000008000000000200491200091000020000859000500000809700004
012800000793100500000000070030005940000903081000000050008300067006000400070000003
060701000803000000020000000102080900680900050500000302097050000010000048000300000
000307040005200000908000005250600000000870000107000000020038000004005100000010093
800003000600100370000420001130000000006300400405000006000030200900260000050700009
400008620150090034009000000000009506005800700001007040093001007000020000200006000
005000000210930007070004000000020000062070300503008000009007082057040000000080003
700030062900000005000000900003594000060001000080070010070049500600000027800000300
080900000000470000100000040000040562005100098070000000050060200940030000700009001
000010043000048915000500000890100004400037601000000000040906000205000300000000050
900700080003041000600300040060007200005000830000028000070059000432000000000000002
000000020350080670002306040090205030000060008000000500600003000500020000070904002
800000300001908000000007060000000000008194500040700000005400003007030006069500180
000010000803009070010000209030070000008624030000003610007000043005048706000000020
006700201900000600008060000000006003040923000700008400000100052020000009800090307
400060000200080370090300008130000000000240009900000807006518040000030706000002000
901080030004030000050006000007004009890700500200050000080500700000000180000003040
006000002003000000400010503000124600000000087690070000104008320000050000030200009
600020000040000000803570004501000060000000903060000070005308000700010250000000400
060050302120003400000600080200470000000000000900806040700000100091000230040009070
200030009108000000300051020800000360000000000500300900070416500050002000000000014
070040300000020000603079000000300005008000496409500000090060010021000003000000200
201000050090000000046308000067130024000706009000000000039601040004000030000090002
006007010000290700400600008000800000000000000130450009900570020070000390000004800
309000000005400001020090006070000030000012000040307005200530000900000060600000054
006090000040008030200000900310250000000009050060017080600001504400000060005900100
009600000000100004060080300020040080470000050000001000600700000810400060000920700
000200407900000000352000600870005900000900086000670000000000005295800000003006004
060050020070000630400001000006024000040900003300705000580400000030080010700000080
007500092200060001030900000000040015300000204000003000000700000060001507900800020
001000000900700006000005708250001080007000100014098000000000950620054007730080000
000040000080300900507090100008400300002900000100000004006000005900065000004000800
000050000036002000100060900090070004642000050000008000001090700000800300400000602
835009000000002600004000080090400008406003900000200007000600300300008000057001000
002007501700000000040080370005800000690000000200350800004700200000000004300060950
010400000400207018009060000020080300098000700060500002005008000000700003040003900
000006000900070600570000910000060000000007100008493000640000078090050200050000003
000600000007090001900000730000008002002000300036240500300005049740800050010009000
067020430000000000092000600300708000500030080000009020040050207050490008006100000
004060008030040000001705006200400180000800000000009060000007000008030020000090315
020507600005316000010090070200900040340001060009000207570000000000000030000005009
006000208000200300070009000000820030500000000002030605100080000087400910000103027
000470056007000080900800004050003920700000000030100400209000000000035800080004002
605000000403000080000000005109002500070100400500089200700000006020305100000040000
007002806048100000000000010005008100020065090060000005309000000000003400400700980
000000090400380600100000004001070000300014070800600009060003000005000810203900500
000000000609000000700306100910600070050070020000240805003000200064002700200400580
000850006000600489007002005105040008000300050008000002021000070000780000000900000
200007000036590020000000503090060800067000000300000901000700058000008012600040000
008509200000000070000320000902000080000203004007100050000900000090064007010000805
090000000001000007000580030070205001004000500000009872068700010000000000000104750
074300000000007082020050000000000031000000500900200400000609004209000050300700008
002089000705003000000100800000006090000000105004350008000002500500600004006800003
069000000005009008700100900090004070010205000008000010003000000400608501000047090
603000000004000008000004009030008000001900200020006850050000690000070000098050102
009800605200030800006000002100200503400003000007009000004600010000052008600000000
000002650000005027080900000090700002004200030000400701500080000000500900006000010
002900078610070000000000100009000000000800241120730800070006034000000005000450000
001800050070520000000000906030000000800370104000904200000080000680100530050400000
090008000040030072080006003008500000300100260200000500004003005006000087000000310
070000491020060008004007000000870000007003080600104000001020700000080034000000000
043900000010050000000400170008000000005009002020017000060200003000005090000890006
006700400050000080003060500640000070009500000805000030307200000090670018000105000
600410008024080010000000500000000006380200000000071000040000009902008301060100804
600098020007005000000701400900000000002080019406007000000273050009000062000000008
306000700000203000009076000630005000010009000500060008160002005000040901004000076
006040020020500007040008301005000000600005009003900008400010070000000000007290000
900000100003450070002308000007002000019080200000040003000000006260000010050009040
500003009040000200008000000000740080020060001007200040700000308890000000600300010
006000000549000160020600000074000030060000700200500400002010500000060308300084007
000060300030001570491300000002000100000010007003000000008900201060240000000080790
050000380000001007930000501002400009740806000000500000200000000000102675800600004
000004000090000050080602010008700900005010060070063100004506030000001000900080400
080600001000530048079004500000310000061000000004005060000020004100800900000001005
000050904050094037001000000000073006000000590000420000013000020600700300005900700
602008500000000003070050900000900810400200009020003000000000030007000004089702000
000000080008602007300058000100043020790000030000900000000030000009700002205001090
500700000009500780041000003352000004000600000070002300004007000100000000000060450
000941073010000008004008900190700000038400000000000090700000300800059600600000040
800000507000100809302000060000504700090000001000019000000206000000870600708001003
010204080000060010000005009080000003071000800005000000900107002003500400000020300
090057400800000067000340000000000006500000004008005200100080003005400000730002090
000801003000200801009704005000000190004000000903050007002000030060000000080009500
020501300065200010007000600010074030000000009080000001400000000000000002059300040
000600093850000000100089000380000005005000041010090000000806070007050030590200010
070040005008000760100500000209400000005000800600020900000054002800010006000060081
800100560000007001004500030000000010070032000080010046040000000090706005002000009
583700002200000000600014000008000000709000056050307000000090000000000901001605037
000400513000006004400200097365000900074060000200000000090001005000038000010007020
000900040502000800097000030720000100000000000301700000100806000050370004060409001
600007003030580002000006078002000000800000010000072085301058000000140000007000900
000000900040060500020000801000000430000700006302010000680004370000900000150007008
000000310000002900000030062001000000800050000063804700008310000705040000400095037
000000600000629401000000092400051000100900025020300000030847009009000000007002080
806000023090007000005000007020030900019608000000005400300000000001009070000080051
067012000000000306000090000008905000000700508009000700806000040001840900300500007
260090000008050300001302000037001009000000200980700060004908010100000004070006000
070134080000009060300500700000000001040000050218000094000300100005000200000096000
000400007002010400073802006001960004900025000030000000004000700850090000000040020
608000025302050410007060000000070030050043900000500070000034200000006040000090300
000102709003900060052080000080620000000000000030079100000000000100003540498007600
207060080680000040005000300000100000400000810000003005006010000000007094150020007
100900000095000170034080009300800007010000300020500010800030005000400900400700001
000796800000300000070000000400000100068030000000800093250000061030000042006045000
800100930000030500002070000010000000000007000245001000900000040700300090080059670
070600008800903000503000000000008602000007105000060049904800076000040200010700000
000040009090070000001300000009000800065400007143000600000510000000000036200080010
040900020007002000000310500038000000004070000000001309400060003093100000020500108
000400000005032000900010008803005200000200700050001800004003007002000900007000150
200970000805000000030200080070409030084000051000000000000081504000630000600000010
400900000009000000010000057006009000008052030000007120002000080000326000900005400
006075000003000602009800004700030086290060030000700090600080000050000700000907000
040002950001040000000000300127000005600800700050900002200000000700030006006009500
000108000302000000640920008400070000509000060060003200000000316000017000000080000
000209000520340000090000000100000005000006271000058000009000007710030050300005090
004700085000001243000000600060002001302806000070000006800000094500000000620004000
000000070000009204093420005020007609007000028000080500004301000000060003900800000
700500006000900800060000010050000691007000400000040008070000003105800040600204000
520069000009000000740300200050620000002000051000090400000000819600000003000013005
070830504000000008000610000000000000000001807650080000300000059068000030240097000
509870300084005000200300009000000093000080700000034006070050600000000104040007000
000000800003650790005910020600000201030001000010002080000000500054030008000006073
000050700901600020600020030300000040008070003106900000005706900010080200000000000
000007000006180000000053260300800040002000006400005020007000090000090100850060000
530000040802000700090000506001000008080790230000003000050001000708530000120000000
401500000000010000056700030018000370060000000003000150090040000304000080000300507
000001000401200600072000004000700260000038901500900400000000005700000090109005800
010000304006000007730400000000827000600030800190000000000094000804010090000200013
000600300600100009000030500087300005000400061002000780070080000040900030000050000
000801300020090000400065000060000005008300060000950004000078000500000207000400003
060080570400000609005000000000806000670100020009300001901003000500600090000000103
000000190600070000000300000000067000400080039870903400902000056000000000060001908
903054000400016090850000060020000008000007000000340020000100607500068003000000000
839260000000009080000000040603500004700020000004000201200043000008710000970000000
400000002509704008003090040040007800060000003900000020000800007000600000000910460
004001000000030000030000908080700005420000009300002806007000600000150000056290000
200700801000005000100000300000000900500009708900004020000800470700301002030000006
000489000000100300005000000100720003302000004500910200070200900000078020008000000
000000107000060800007000050100600000970104020800900000000475300092000670003000000
306201000000790005040030000003070002008000097000819050802000070090000000000080400
000107500000000060008000200040200000506001030800030000067005900000060040120800007
005002600000050140010900075600003000023000000400006700042000000060080000058071004
810060200009000700000000080100000000087900500002004970000001000000507400005430002
000009030800100706000720000500000028080005000049270050000500000600040100010000097
000500000304000065020000000000070130085003002000000006000280000003100470000700500
000720100520860000060090000004000000006080009079100800000008706000000490018000050
034000900000000300000600070070000000500706041000008260000000010705040000020950000
000000080603004500000907600349010000020050000005020810800090000000003000030602400
000000004005006090300047000000000400030970002070052000900200010100300200600080003
140600050000500000000080670000020015820040003000300000002005300400001060300000000
700800400089060000004500000090680307007000000000320580940000000005000006060013000
047100200060400380000060010000007035080000007000003000300040000500009060074020000
300040000905037001700000006080006050000000400007810000600070300400001070000900200
060094500032810000000600000009008060000540900000030420007050200003400008400201000
000503070001020005340100006000000000002000160000406000079200000020004093080000402
000070103000006004800000060620001090100000500004000006050020000070063900006900372
506000300300009000091000000100006000000904160060050924000040500000000008800165430
800500600000000030450200000007000000600051007001009008000806004000003060040020800
000000800000800900170000524501000000030000019000300000403050000000600030082001400
800000000070090062003104000000450000740020000000000015304900000180003500002810004
002070000000003620506049000000000310800004090009701080040000900000006008601400007
070098000008250700003000004300000500900075000004000020060120000000000871000089005
000700006600284050080506000402070005001900062000000000060000809910030000000000000
405000289008000000000004000009030002000400000056100300200000807014920060000600000
070000260004300800600070094802000400000050009405000010000010640020008000000706000
500000004790061000800500900000020800000100470107006002000005000380000000061093500
190006000020800003000024500000000300000000007087905002002309006006070100000400900
007600000200001040600030009000050700000028030070040100700000500080007900002009800
200000000057060000003090000740001000500307900300900002800000006000400020060000718
004000200000300100003470000000260070400000083050090000000000005070006001916000000
008700006005001002610080000809200000000500030500006200000000600401060000000837004
108206000090017040000900000600020050000000603500300200400059000050000180003800000
004020007000003501001604020000000002048000000090000073502860300000000006030100700
009000000710000030340050000001008029000002601900005008080907503030400000000000400
200500000090000001000093056000009000630700500000000834004060280050304000010000000
000000106000000005067000000010600057006800000078102400400057003001008020002090000
003090000002007010040001209000309000400050000000000630970040003800000040000000857
000070000300002105006000000000001370402080090000700000060400700000090010001806903
003000006070010082000000005600009000020605000009001400080097003002000000000800920
040020108360001000000070000006008000502000600830200010000350700070600005000004003
600000200000430807500010000008050620000009003005000049000820000003000060890000300
937100020000002700800000006050000000008000015201008407100903000040570000006000009
000009700003000005100080600002008360009006002000190040000000027500010000000030000
004000758000500400080001902810000600000002000065900000700040010030000080046800000
800030500002070080090040701003019600000407030000006100780000420009200000020000000
215060000900000000600000300009000005000908040080020000730000028020009070000210400
040000700135090060006830100000700000000006204560008000083000010904000300000005000
040600050003200070009000030020300000000401000007060400070000000056008002100000309
